101101
10001
01101
110111010000
0100110010
1001011011
101100
01111111100
01010
1010
1111000100111
0010000
000100110110
000101100111
10011000
000100000100
001100
1111000011001
000000001100
01100100
001100
1110111100101
101100
10010101
11010101100
110001
1111010111101
1010
000110101100
10010011011
111010001011
111001100101
010010100
1010
1111100010110
110111110101
11001
11011010011
111000111011
010010011
0010111
111001100101
10000010100
110001
000001011110
01101
000101010000
11001
1111100100010
10000010010
10111001
1111010110111
110110111001
001001
0001110
1010
1111100101110
000100000011
11001
1110111010010
1110111110111
01010
111001010000
000001110100
1111111000011
0100010
10011110
0100110101
11001
101101
01101
1111000101100
10010000010
11011010001
10000101110
0011101
1111101100100
1111010000010
011000
00100011
000101010110
110001
1010
0101110110
101101
1111001101101
0111110010
10010101
10000010011
10010111
001110001
1101001111
01101
1111111010100
001000100000
1010
10010111
11001
01101
11010111000
11001
100111111
1111011111111
001001
01101
11010110100
11010100110
1111111101000
01010
000010101101
1111100101111
111000000101
10011000
1101001000
0011101
1010
000100011111
101101
10001
00101000
10010011000
10010010111
1010
1111110011101
01110100
0100010
1010
1110111000100
11001
0101110010
101101
10001
111010000001
001000101011
01010
0100010
11011000110
1010
110111111001
110111100110
10001
110111100111
1101001010
10000010001
1111001100000
1111101001010
101101
10001
11011000011
11001
1010
1111010100001
1111010010011
101100
111001011110
0011101
010010001
000110111000
1010
111000001001
10001
000011010010
1111011110000
11000010
01010
10011000
0111111000
10001
111010011111
01010
011000
01101
111010101101
111010100100
0111001001
001100
0101101001
110110111101
0111110110
111010001100
000010010111
10010000110
0101110010
0001111
1010
1101010001
0001111
1111010011100
1111110001001
11011000001
1010
1111110011110
1010
10010000010
001001
1010
10000010011
10010111
111000001111
10111001
1010
0101110110
101101
10001
10011110
11001
10010010101
000000111011
0010110
01111111101
110000111
1111001001001
010000
1010
1101000011
1111011110111
01100110
100111111
010010110
01100110
1111111101010
01011111
01000110
1101000101
111010110100
01100110
1010
110111010010
1110111000011
101101
111001101000
11010110111
1010
111000001001
01101
1111100001010
010010101
10001
000001111010
01100101
01101
1111110100010
11001
111000000110
0010110
011000
111010001110
110001
1101000010
001001
1010
000001100110
11001
111001011010
1010
010010101
11010101000
10111001
10010101
000000001110
111001000001
111001011100
101110110
01101
1111010011000
1111111100000
0010110
111000001100
11011000011
11001
1010
10010010000
11001
1010
000010011111
0101110110
10011000
001111000
01101
111010011000
01010
1010
010010101
10010000011
000100010000
010010011
1010
0111111001
0010000
1101001110
110111110011
1010
111000101010
1010
100110101
101101
10001
10000000110
00111101
11000001
1111001111100
0010101
10111010
10001
00101000
1101010001
11001
111010000100
101101
1101001010
110111011001
101111
111001000101
011101110
110001
1010
10010011100
01101
000011111111
1111100000011
11010110000
1010
1111111000111
11001
001100
1110111010001
11010111010
1111010101101
10111000
1010
10000000101
10000111100
0010110
0010000
1010
000110011001
11001
1010
00101001
001100
0100111010
10001
011100010
1111011010100
001100
10010111
1111111110110
000010110111
001100
111010001001
000010101001
10111000
110111010111
000100001000
01010
1110111001111
111001101010
110111001011
01010
1010
0100110010
11001
1010
001000100100
010000
011000
010010010
1111010110001
111001010011
01110100
010010100
1010
000011101001
001000100011
1010
10010110100
10000110011
0100110010
01110011
101100
1010
111010010011
1101000110
1111010100011
11001
10010011011
0010000
000110111011
10000010010
01010
111010100010
1101001011
01100100
000100011000
01010
010010011
1010
000101000101
10001
000011011110
01010
1010
000011110110
01101
1111100110010
10000000101
10111010
100110011
110001
11000001
00101000
1111000101011
101100
0100110000
1001101100
1010
000001010011
010000
0010000
000001000101
1111011000100
1010
110111001010
10010111
111000001111
01110011
10111001
0100110110
1111000110100
110111011111
10111010
10001
10011110
0001111
1010
1111101001100
11010110110
11011000001
01011111
01000110
1101000101
111010110100
01100110
1010
110111010010
11011001000
0101111000
1010
110111101000
1101000011
10000110011
10000001110
01100100
0111001000
000000100101
01110011
0100010
000100110001
110110111110
10010000010
111010100010
0100010
10011110
110111011111
1111011101011
1111011101000
101100
1010
10010011011
1110110010000
110111100001
01010
000110010100
1010
111010001000
10010011110
1111101101000
101100
1010
111000000100
1111010000100
01101
0100111110
000011110101
01110011
0111100111
1010
111001110101
111000100011
0011101
10010101
10000101010
101110110
01101
1110111001110
01010
1111001011111
1101000000
0111100101
001001
01101
1111001011011
1111011101111
101101
10001
1010
1101001101
000000101110
000100000110
01100100
000000110101
10010011101
1010
000000101111
011101010
0010111
1111111000100
0100111111
1001110000
1010
011100000
1101001101
1111111000101
0111100110
0111001000
100110010
1010
010010101
10111001
1010
100110101
10001
1101001110
1110110110110
1101000000
100111111
111001011010
01010
1010
000000100011
11001
1010
000000000010
000101101001
000001000010
1010
100110101
000001111111
01010
000110000010
111010000111
110000110
10010001011
010000
10011000
1101001000
0111001001
1010
10000101111
11001
01101
011100010
1111110101101
000110111100
00110110
11000001
10000111111
11000010
10111000
101101
11010111100
110000111
1101000111
0011111
101111
111001110001
11011010101
1010
1111011100000
11001
000110101111
0010110
1010
111001000001
111001011100
1111000110010
101111
00111101
11000001
0101101100
0011111
11011010100
0011111
11010110011
10111010
10001
11001
11010101001
00101000
1101010001
11001
1111110000100
1001111100
01100110
0010000
1101000001
111010110011
0100010
110000110
111000010001
00110100
11010110101
10000111010
101110111
0001111
011100011
000101010100
1010
011100000
1101001101
000001001010
101100
0001111
110000110
1111101100010
111010111000
10001
111000010110
101101
10001
01110100
1111000111011
010000
00110101
111010110011
11010101101
10010100
1010
0111110101
0010101
0100010
110000110
111001101001
00110101
00111101
000001001001
101100
011110001
111010111000
111010110110
00110101
111010110010
110001
01100110
011000
110001
10000110000
011101010
10000110000
10111001
111000010111
010000
110111000011
1111101101110
101100
1010
1110110101010
010000
0100110110
10010001011
01100110
1101001000
10001
111001010100
01010
1001101100
101100
1111001011110
0100110110
111001000110
000011000001
10011000
10000101100
001100
100110010
001111000
110001
1010
100110101
101101
10001
000010110100
010010011
0011111
101111
11011010100
0111101100
01110100
01101
100110010
1110111111011
11000001
000010011010
01101
111000110001
1101000000
1010
011001110
11001
0101110100
001100
10010000000
11001
001000101010
000101111100
0101110101
01010
0101111001
0111001001
1010
1111100100000
1111110001010
01000111
101111
011100000
001001
01101
0101101111
11001
111010101100
1111010000101
01000111
10001
10000110001
1111000010100
1111000011110
11001
1110110001101
10011110
0111101011
1010
000101100110
10000110101
000001001110
11001
1010
000001101011
11001
10000111001
101111
000110001000
110001
000100011110
01100101
100101100
110111010101
111000111111
010000
10010000111
000101011101
0001110
1001111100
10000110001
011000
010010000
00100011
111001100110
101110110
01000111
0010000
10111010
010010000
111010011100
000110110000
11001
000010100111
000000000001
1111101001101
011110000
000011101100
000011100011
11000010
001001
1110110111101
11001
000101110001
011110000
10010011101
000000101101
001001
1110111111111
01010
011110000
111001110101
001001
1111001001111
1111101110100
011110000
1111001010110
1111100001111
111010110001
000010110101
101100
10010100
110111101111
01010
1010
110111001101
000011110011
0111110111
1010
000001000100
10000010010
000101010001
101100
1010
01111111000
01010
1010
001000100010
111010010010
011101110
1010
1111100110100
11001
000010101100
01010
1010
10010000001
0111110111
1010
1110111010110
011000
1111000100101
01101
1111110001011
000000101100
01010
10111010
011000
000100011100
11000010
000100010010
1111000101010
11001
001000101001
1111010011011
101110110
1111000010011
0010101
101101
10001
00101000
10010011000
101111
00111101
0010111
111001110010
0101100011
111001110001
11001
001100
110111010101
1001101100
01101
000011010000
11001
1110111101000
000101010101
000000010001
1100000011
00101000
10000000000
01010
1111111100110
000110011011
1010
011001110
11001
0101110100
111001000010
101100
0111101111
10001
000100100010
10000010000
10111001
110000110
001110010
10000111000
101100
11011001110
101101
10001
10010101
10000010011
000001101111
111010010101
11001
1111100011000
0101111001
1111000111110
000100001001
11000010
111010011010
0011110011
111010011010
1110101111001
1111111010101
01100100
1010
01111111000
10111001
0111110111
10011000
11011010000
101101
10001
010010010
11011000100
110001
000001111001
10000111111
01100101
0001111
010111101
0101111001
10010111
101100
1111010100111
1111110011000
1010
0101110001
10010001000
11001
1010
00101001
0101110111
1101000101
0101100111
0111101000
1101000101
111010001010
111000100110
1101000101
111010010100
1010
011001110
11001
0101110100
10000001001
101101
10001
11011001000
0101110001
111010100001
000010100110
0111001001
1111100100011
10000101111
01010
1111001001100
000001110101
1110111000010
000010111100
100111111
10000110001
10111010
0010000
010010010
0101110001
001110010
1110111101101
11001
111010000110
01111111011
01010
000011110100
110000111
110111011001
011101010
00110101
1111010011010
1010
000101001000
1110110011111
010000
10111001
1010
000010100101
11001
11011010011
111000111011
01100110
00111101
10010000101
10010100
111000001101
11001
0111110100
111010000111
00110101
0010000
1010
1111101000100
11001
1010
111000001101
1111111011110
0111100111
0010110
1010
110111111101
1110110011010
11001
1111100011101
10001
1111010000110
1010
011001110
11001
0101110100
0010110
110111011010
0111101011
001001
1111111111110
1111010111001
1111010100101
01010
1010
1111011100110
1110110100011
1010
011001110
11001
0101100111
0010110
110111011010
0111101011
001001
0101110111
1010
011001110
11001
10000110100
0010110
1111110110111
1111110010000
01010
000000011101
01010
1010
011001110
11001
000001001000
0010110
10001
000010010101
0011101
1111010100000
1110110001010
011110000
1111111110100
101100
0111101111
111001000010
1111111011100
1111111011011
01010
1111111011101
1010
011001110
11001
10000110100
10001
1010
111001101110
1111100001000
10011110
10111010
0010000
00101000
10010011101
101100
101101
0100010
10010100
10011000
011000
011101101
00100011
11010110111
1010
011001110
11001
10000110100
111001001110
11011010101
10000100001
01101
111000110001
11001
101101
101101
10001
01101
10010000000
1001101110
110001
1111010110110
1001101100
0001111
000000010100
1110111110110
01010
110000000
1001110000
10111000
000000110100
010010100
01101
1111111000110
11001
1110110111001
1111010110101
000100100110
110111110101
01010
1111100111011
1111110110011
1111111111100
01110100
1010
000100110010
111000110100
11000010
110001
010111101
000000100010
1110110111010
0010000
000010100010
10111000
1111100011100
1111100100110
101100
11010100110
000110011010
1110110100000
001001
1111101111100
000110001010
10011000
001111000
001110011
1110101111100
101111
011000
11011001011
001100
111000000101
01100100
1010
111000000010
11001
000001110010
000000011011
0010110
101101
10001
1110110001000
110001
111010110101
010010110
1111011010000
1010
100110101
101111
11010101010
1010
0111110001
01100100
1010
000101110010
111000110010
10111000
1111110010101
1010
011001110
0100010
01000111
0111110101
11001
1001011011
101111
011000
000010110011
001100
1111110110000
101100
1010
1110111111100
01010
101111
10001
110111000010
010000
10111010
10001
00101000
1111011111010
101100
1010
111000110010
1001101100
01101
1111101010001
11001
1111001011101
1110111100010
0010110
011000
111000010010
110001
11000001
000010111010
0011101
000101110110
1110111100011
101111
0101110011
01110011
10111001
1010
000011011101
01101
110111001110
11001
1111000101101
1111110100001
001001
01101
000001000001
0101111001
1111110000110
111000111100
11011010011
10000011100
101101
11010110001
1101001010
01101
000011101010
111001001111
000100000010
0011111
11001
1111000011010
000010011101
10011000
000001010101
01100101
11010111101
01101
000101011010
1111111111011
1001101101
0011101
01101
000011100000
01010
1111100101000
101101
01110011
101110110
01101
1111010001011
11001
1111111001100
1111101101101
001100
10010111
001111000
10010000100
01010
1010
10010011001
111001101000
01100101
11001
001100
1101000011
1010
000100111000
10001
101110110
000000000011
1110110000000
01010
11010111100
101100
000101001010
101101
10011110
011000
1010
000011001101
11001
1101000001
1111101000001
0001111
1010
100110010
11001
1010
0100111101
001001
01101
111001110111
1111000101000
1010
0111110000
00110100
0100111111
1010
1110111110011
101100
001100
1110111000001
1111001111001
01110011
01010
1010
10010110100
10000000011
110001
1111110101001
001110001
1111000010001
101111
0101110011
01101
1111000011011
10111001
01101
1111001011001
000000100110
111000111100
11011010011
1111000011100
01010
1111101011101
10000100101
101101
000110100001
000110111010
1010
000101110100
1111011011100
01100101
0001111
110001
1010
1111011110011
001001
1010
0111110000
101111
10001
001110001
000101000000
101111
0111110110
100110010
110001
1010
111000111001
01010
1001110001
01110011
0100010
01101
0111110011
111010011001
010000
11011010000
110001
1010
1111110010110
11001
1010
100110101
10111001
1010
111010011001
110111110111
101111
0101110011
01100101
01101
111001011000
01101
110111001110
11001
111000101000
01010
01101
10010010011
000001110001
1110111001001
001101110
001001
01101
000010000010
100110010
01010
01101
1111110111110
1111001010010
0011101
100101100
111001101111
1010
100110101
101100
1010
111000111001
10001
101100
10010101
111010101001
111001011101
10000101011
11001
1101000001
000001000000
0011111
10001
000000000110
101100
1010
0100110101
0101110110
0111110111
101101
00111101
1111000110001
1010
111010110111
0111110001
101101
10001
101100
1010
10000110010
0101110110
11011000001
1010
10010011100
110001
10011110
111010000101
11001
101101
10111010
10001
01101
000011010110
110110110111
101100
0010110
10011000
10001
11011000000
0101101110
01010
0010110
010010110
1010
1111011101100
0010000
1110111101110
011000
111001100000
00100011
111000101100
110001
111000100001
1110111011000
10111000
0101101110
101100
1010
110110110111
01010
1111101111111
11011010100
100110010
10011000
10001
110110110001
110001
000010001011
111001010011
1010
000001110110
11001
1010
100110101
110000111
111000000100
0011111
11011001110
0111110110
101111
00111101
11000001
11010110011
11001
11010101001
0010101
110000111
1101000111
0011111
101111
000100100101
101100
001100
11011000110
111001011101
101111
00111101
0010111
11000001
0101101100
101101
10001
10000111110
1010
111010101001
1111100010011
11001
1010
0111110001
010000
011000
10010001111
110001
0001110
1010
1101010000
010000
101111
10001
11011000000
100111111
110001
1101000010
0010101
101101
011000
01111111001
00100011
10010001111
10111000
1010
001101110
010000
101111
011000
010010010
10010010010
01100101
11001
1010
110111110111
101101
10001
01101
000000110011
10000000001
001101110
010111101
111010001101
110111100010
1101001011
01101
1101000110
001111001011
10111000
110110110100
10001
11001
01101
10000101101
010000
011000
0010111
00100011
1111110111100
0011101
0100010
111000110101
1111011111110
0111111010
111001010111
101111
00111101
111000010101
0100111111
010000
1010
001101110
10001
0111101110
000000010110
1101001111
010000
101111
011000
0101101100
101101
1111110110001
101100
1010
10010011100
11001
01101
1111100001001
1101000110
1111101111110
101100
01101
000011111101
111001100011
11001
1010
000101111101
010010010
011100011
111001100011
101111
011101010
0010111
11011000000
111001110010
01010
011000
00100011
000100110011
11010110110
10111000
10010101
111001010101
110111101100
110001
000001010000
101101
00101001
1111111001110
0010000
111010010110
0010111
110001
11010110010
01100100
111001010010
000011100010
1111001100001
0001111
1010
1111100000101
1111111000001
101101
10001
10000000110
0010101
1010
000010101110
10001
0010111
000100110100
10000101100
011100101
10111010
0010000
000110101001
111010011110
0101110000
0011111
000011100001
01010
111001101010
110111001011
0010110
101101
10001
1001101110
110001
0100111001
111000100001
11001
101100
110000110
001110010
1101010001
101111
011000
111000010001
01101
111001100100
10000011101
11000010
01010
01110011
1010
111010010011
01010
110000000
011000
111010001011
11010110111
01010
1110111011101
1010
001101110
0011101
011100001
1111010001001
1111011100001
0100010
1010
0111110101
101111
10001
0010111
110111011011
11001
000110110110
101101
0011101
110000110
10000111101
111001100010
101111
011000
1111000000001
101101
1111100100111
10000100110
101100
001100
1110111100111
01110100
001001
0101100011
10010110101
101100
101101
101101
10001
01101
1111000111001
000001010001
1010
1101010000
010000
101111
10001
100111111
110001
1101000010
10001
110001
000000011001
01101
0100110011
01000111
10001
0010111
111000100111
0101100011
10001
111000100111
0101101101
10111010
0010000
00101000
10000110010
110000110
1111110010001
0010101
011101100
1111001110011
101101
10001
000001111101
110111010011
010000
101101
00110110
11000001
000001101100
10111000
10000001101
101110111
0100010
111000110101
10111000
000110001100
0111111010
101100
01101
1111011111011
1110111111010
10011000
1111011101001
01101
111001001100
01100100
1010
111001011000
01010
000101000010
101101
110001
0100111001
1010
1111100011110
1101001010
1010
0101101000
10001
10010101
1110110011110
111000101010
111010000001
111010101011
01110100
0011101
000011101111
01010
101111
011000
000001100100
10011110
1111100001011
01010
001001
100101100
1111001111010
0111110010
011100101
11001
01101
11010101111
010000
1010
10000000001
110111100010
1101001011
1111001110000
110001
11000001
10010110101
0001111
001001
01101
111001101100
111001001100
10000101011
11001
1101000001
000010111110
001001
10010101
1111101101011
110110110011
101111
10001
0010111
111010101011
110001
010010111
10111000
10000100010
1110110011001
10111001
011100010
000011100100
000000001001
101101
10001
11011010010
110001
1111001110110
10000010110
01100100
1010
000100010110
0010110
10001
11001
11010101001
1001101110
0011101
001100
11011000110
111001100010
101111
1111001111110
1010
0101101000
01100100
1010
111000101000
01010
110000000
1111011010110
0011101
010010010
01101
11011001010
01101
000110000100
011000
10000011111
010010100
001100
1110111100001
110001
1111111000000
1010
1101001011
10001
1010
1111001100010
0111100100
101100
0111110011
1111000101001
111000111000
101111
111010111010
01111111100
110110110000
01111110111
101111
1001110001
100110010
01101
000011001110
11001
1111000111000
111000011100
011000
1111001101111
111010101010
0001110
110001
110111000101
001001
101111
011101010
0010111
0101100000
001001
110000110
1111000001001
010000
01000111
10001
01111110111
101101
111001001000
11000001
001110011
100111111
010000
10000001100
0101101101
101111
10001
1111011010101
111010010111
010000
001100
110110110100
10001
111010011111
01010
101111
110111000111
010000
101111
011000
00100011
1110111011011
101100
1110101110110
101110111
1110101110111
0010101
101101
10001
011101101
11011000100
000000001011
110001
000000111110
01110011
110000110
10000001100
11011010101
01101
001111001010
101110111
011100001
0011101
10010011010
101101
1001110011
000000010000
110001
0001110
110001
001000100111
10001
101111
010010111
01000111
0100110011
0011101
1010
10000011010
0011101
1010
000110010001
001100
0111101101
111000100011
0011101
01101
00110100
001110011
1010
1111010001101
10000001100
0001111
1010
0101100101
01010
110000000
1111011011101
11000010
001001
01101
1110111110000
1100000011
1010
0111101111
10010011110
1111010001100
0011101
1010
0100110111
0111110101
1010
1111110110110
11001
011100011
101111
011000
000110010101
11010101000
10000100110
110001
0001110
11010110101
00111101
01100110
1111000110101
001001
1010
10000011010
101101
10001
11001
010111101
111001001010
1001101110
110111111000
1010
10000011010
00110110
000010010011
1010
11011000110
101100
0010110
1111000000100
101101
00110110
0010111
1111110100011
110001
0001110
101110111
101101
00110110
11000001
10000010000
10111001
101101
01010
001100
000001011010
00110110
11000001
1111111001001
0011101
100101100
0111110101
101111
1001110001
1111100010001
000100111001
0100010
1010
1101001011
1010
100110101
011000
10000001000
011101110
110001
000100110101
1111111011000
111001000111
101101
10001
110111100101
010000
101111
100110011
0010111
11010111010
110001
001101111
1111110101011
1010
11011000101
11001
1111011001100
1001101101
0010101
01110100
110001
001101111
111000001011
011100011
101101
10001
010000
101111
011000
000000011110
111000101100
110001
111001111100
0011101
000110111001
111001010111
101111
011000
00100011
1111110111010
000001111011
0011101
01000111
00110100
01010
101101
011000
011101101
11010101010
001100
0111101101
010000
0100110000
00110110
11000001
1111111111001
1001101100
1111001010001
1010
110110110010
010010111
00110110
11000001
1111010011111
10010100
101111
011000
110001
1101000010
10001
110001
000110000000
110001
1101001011
1010
1111101110000
000010011000
111001000100
010000
011000
00100011
111001111010
11010110111
001100
0100111101
1111110100100
0011101
0111111010
0100010
01000111
00110100
0100111111
01110100
1010
111001000100
011000
1111010010010
11000010
11010111100
001100
111010101101
111010100100
011000
110111000110
111000101101
000110010000
101111
1111001011100
0010111
000010111101
101101
011100101
011101100
101111
011101010
110000111
101101
010010000
110111000011
1111101100110
1010
1001110010
0010000
000101101110
10111000
101111
10001
110111011011
11001
0101100011
1001101100
1010
1110111001010
11001
1010
0101100101
101100
0100111000
11001
0001110
1010
111000101101
11001
1010
111010001001
0111001001
001100
110110111101
1010
1110111001011
11001
1010
111001000111
01010
01101
000011111010
1110111011010
1111000000111
10111000
1010
10000011100
1001110011
101111
10000000011
010010111
101100
000011011100
111001010110
1001110000
1111101011010
110111000010
11001
011100011
101111
10001
000011010001
01110011
001100
0111110011
0010101
1111000010110
111000011001
111010010010
11000010
01010
01110011
1010
0101100101
000011011001
0100110111
010111101
1110111111110
111000111000
01010
1111011100101
01110100
010111101
0111101001
000100101001
01111111100
110110110000
01111110111
1111110001100
11010111111
110001
1010
1111011101110
10010100
0101110111
1111011100100
10011110
011100010
1111100011011
10011110
11001
01101
000011011111
0111101001
11001
000010000111
1101000001
110111001101
10010001010
101100
1010
1111111001101
01111111111
0111101110
1110110010011
10111000
000011100110
11001
01101
111000010011
111000100100
1111011010111
11010111000
10010010111
110001
000101001111
1101000000
001001
01101
0100111110
0011110011
0001110
0100110111
01100110
0101101011
0001110
000110110101
110110111001
101100
1010
10010011001
101110110
01101
000001001111
110000000
01100110
0101101011
0001110
010010100
1010
1111100111000
1111100101010
110000000
101111
10001
0111101001
11001
111000100010
01010
1010
111001111111
001110011
0001110
001111000
111001011011
01010
101111
10010000011
0011111
1001110011
0011111
010010011
1010
111000100010
011000
111000110111
101100
1010
10010011001
01111111111
11011001101
001001
1111110001110
010010110
101111
10010000011
110000000
01100110
0101101011
01101
1111110011100
0111101001
11001
1111000010111
001001
01101
0100111110
1111101001110
011101110
101101
10111010
10001
01101
1111111010111
1001111101
001110000
001101111
00100011
01101
1111101111000
0101101110
11000010
101100
1010
1110111100000
001001
01101
1101000110
110111001111
100111111
0101110001
0111111010
111001010000
101100
10011101
11010100100
1101000110
110111001111
111001111110
001001
111000001110
01010
1111100111100
001100
0100111101
0111100111
10011101
1110111100110
0011111
011101100
101111
10001
10010010111
110001
1110111110100
0101101001
01100100
10011101
01010
1010
1001111101
000001101110
10011101
11010100100
001110011
0001110
01010
1111000110000
0001110
01111111010
100110100
10001
10000000101
001001
111000001110
111000011111
10010100
1010
0111110101
110111100001
0001110
11000010
0011111
0111101110
0011111
11011000100
0011111
011101100
100110100
011100000
10011101
11010100100
00111101
111000101110
1010
1110111101111
1101001010
0001110
110000000
1010
0100111110
000001000011
01101
1110101111000
1111110000001
1110111010101
101100
110110111100
0111110100
000101100000
111000000111
01010
1010
1110111010000
0111110110
10010100
110001
1111111000010
110000000
10111010
10001
01101
001000101000
000011100101
11001
01101
1111000011000
110110111111
1111100011010
11000010
11000010
11000010
0101101001
11000010
01100100
1010
01111111000
01101
0100111110
001001
01101
1110111111001
101100
010111101
0101100010
111001001000
001101111
1111011111000
101101
11000010
01010
10111010
10001
01101
1111110101100
11001
1110110011100
10111001
1010
00101001
111010000000
0010101
01101
1001111101
01110011
101100
1010
111001100001
11011000011
11001
1010
1111101001011
1001110011
10010001110
111000101111
11000010
01101
1111100001100
01010
11011001101
00110101
110111101101
000000100001
11001
000011101000
101101
0010111
101100
0100111000
11001
111000110000
00110101
110111101101
101101
110110110110
0101101001
0010111
101100
0100111000
11001
111000110000
101101
110110110110
111010101000
1010
1101001101
001111000
10011101
001111000
10011101
01100101
1101000100
0100110100
000101000111
0100110000
0100111011
110001
10011101
10000110111
1111000000000
011100011
1010
000001101000
111001111100
000110001111
111001100001
111001101011
00110101
011101101
01111110110
10011000
000100101000
010010111
10000111110
011100101
101111
10001
000101000100
10111001
1111001010100
101111
011101010
0010111
0101100000
011100011
011000
1101001000
0001110
000001010100
01100101
01000111
000100110000
11001
111001111000
0010101
1010
110111100101
1101010000
10001
010000
0101111000
101111
10001
11010101011
110000111
01101
000101111010
10000010000
111000111111
011000
1111000100011
0111101011
101100
001100
0111101101
110001
1010
000001001011
0111110111
101111
11000000101
10000011000
1111010111011
110001
010010111
101101
01110011
101101
10001
101111
11011000000
111001101101
011100101
11001
01000111
001110010
1111101011110
010000
101111
011000
1001110011
110111101011
110001
1111000101111
10000100110
01010
110111000101
1010
0100110011
000101110101
101101
011000
0100111011
010000
1111111100101
0100010
1010
011001110
011101100
0100110000
110000111
1111111111000
00111101
11000001
11011001000
110001
10000100011
101101
10001
11010111101
110111111010
111000100101
01010
101100
1010
111001110000
10000001111
0111110111
10011000
10010011111
00110101
0010000
1111010001111
1010
110111010100
01100101
11001
1010
1111001011010
01010
1111100100100
0111110100
101100
1010
1111000001000
11001
1010
1111100101100
11011000001
1010
01011111
100110101
101100
111001011110
0011101
1010
011100001
0101100001
010010001
10011000
10001
010010010
000101010111
001100
10010000000
101100
10011110
11001
1010
1111111010110
000010101011
010010110
011100001
011101111
10010011010
101111
0111101100
10111000
11011001110
0010101
011000
011101101
111010010000
110001
11010101000
000110011000
01100100
1010
0111110001
10011110
11001
0111110100
10001
01101
0111101010
10010011010
101111
10000111010
0101100110
101100
1010
1111001001110
101111
011101010
0010111
0101100000
10011101
10000110110
0010101
101111
0111101100
010000
100110100
10010011111
101100
1010
1111011011111
10000001111
000001011100
0101101101
101111
011000
000100001111
0101101100
10011101
001001
111001001111
111000011000
01010
1111000000011
01101
000100010101
100110100
011000
100101100
1111111001011
1111101111010
0001111
10011110
11001
1010
000000001010
1111110110100
100110100
10001
01101
1110111010100
0111101010
11001
100111111
000110001101
001001
10010010011
0100111010
01101
1111100000100
10010111
01010
000101001110
1110110101011
1111111101011
01101
1111111110101
10010000100
111001111011
1111010101010
11001
1010
1111101111101
1110110010110
1111110010010
10001
001000101110
10010000110
0101110010
001110011
1010
111010110000
11001
10011101
10000111100
010010010
000101110000
10000010100
110001
1110111101001
01100101
1010
000011010111
11001
10011101
1111100111111
10011000
011000
110111110010
10011101
10111001
1010
011100010
0100110111
00110100
11001
000011000111
10011101
101111
0111101100
1010
111001101111
101101
10001
011100101
11001
1010
1110110101100
11001
1111101000010
01010
0100110010
1110110111011
01010
1111000110110
1111100111110
01010
10000011011
1111000100100
0010110
100110100
1111110111011
110001
1111000000010
100111111
001001
10011101
101111
110111110010
11010111101
10010100
111010111001
01010
1111010111111
1010
11000000100
01010
111001011111
1001101111
101101
10001
010010000
1010
111010111001
01010
0111001001
10010100
1010
11000000100
1001101111
0111111000
0010000
1010
10000110101
1110111000111
1110110000101
11001
1010
00101001
1010
000101001001
11001
10010001000
1010
1110110010010
111010001111
01010
000000001000
11001
111010100111
0010101
01000111
10000111101
0111101010
11010110001
0001110
1010
1111101011100
11001
1101000001
001110001
10000001011
1101001111
10000110101
10000111011
010010110
00110101
0101100110
101100
1010
1111001001101
100110100
11010110001
0001110
01101
111001100100
000011101011
10000011101
0010110
100110011
110001
000000111100
0101101001
01100100
0001110
01010
0011101
01101
00110100
011000
10000011001
0001110
001001
11010100110
000101100010
1010
10000101000
011000
01110100
11010101010
001100
0111101101
010000
100110100
001110000
11000001
10010101
1110110001011
11001
1010
011100000
1101001101
010000
101101
10001
10010010110
10001
011100010
000110011100
1101001110
101111
110111011101
110001
1111011011001
01101
000000110010
000110010111
0010110
011000
11010101110
1111111100001
11000010
101100
101101
0011111
11011010100
0011111
1111101001001
111010110110
100110100
10001
1110110011000
111001001011
0001110
1010
001110010
111001011001
10001
01101
11010111000
1111111110011
1101001001
01101
11010111001
11001
1010
111000101001
00101001
01010
1111101000011
11001
100101100
000001010010
110000111
1111101011011
01010
000010001101
010000
10011000
011000
1001110000
01101
1111001111011
10000101000
11001
010111101
111001001010
01101
111001000011
1111101010011
0101100110
011101110
1010
10000100000
11001
011101111
001110011
1010
110111010100
0011111
00110101
0101101011
1010
11010100110
10000111100
11001
10010101
111000101001
00101001
11010111001
1110110011101
1101001001
10001
01101
10000101110
1110111110010
11010111000
001001
01101
10010010011
11010111110
01010
01101
110111010111
1111101001111
1110111101100
10010111
101100
11011001111
11001
001100
1111011111101
01111111011
101111
011000
01101
110111010011
1111000001110
11001
111000111010
101111
011000
01101
000110000111
11001
111001110011
001100
10010001100
0001111
001100
0101100010
0010110
10001
10000001010
1111010000000
101100
100101100
1111101100001
1101010001
10000001010
1111000100000
101101
10001
01101
111000010000
0010110
011101100
1110110010111
011000
1101001110
011100000
101100
0101110000
000101011111
001110000
001101111
000001111110
10010101
1111010100110
000000000100
000000010011
001100
000100000111
10011000
011000
0101101100
1101001001
1101001100
01101
1111010001110
0101110010
101100
11000000101
0011111
1111110111101
0111111010
101111
10000011000
1111001100100
1111010010001
110001
0001110
01010
0010111
000100001101
011100101
101111
10001
1111101110001
10111000
1010
1111001001000
0111100111
0101100100
000110100010
111000111010
01010
001100
000001100010
000000111010
0111101110
001110001
101101
10001
011100101
11001
01101
000011000101
10000100101
10000000100
101110111
1101001100
0010111
01110100
01101
10000000100
11010111010
01101
10000100111
010000
0101100100
000001001100
000000011111
10001
0010111
000000110111
111010001110
101100
001100
10010111
10010001111
101101
1111101110101
01010
0111100101
1101001100
101101
10001
0010111
01110100
111010100111
010000
10001
10010110101
101100
001100
10010111
0010101
0111110010
111000101011
0010101
0100010
110000110
111001101001
101111
011000
1010
01111111011
11001
1101000001
01101
111001011001
010000
01100110
00111101
000101011000
110001
011101100
10010001001
01100110
00111101
1111000010000
1010
100110101
01010
0100111001
0001110
1110110001111
10011000
011000
011101101
1101001000
1010
000011111110
11010101100
110001
000110101011
01000111
111000010101
10000101001
10111010
10001
00101000
1101010001
11001
11010101011
110000111
0100010
01000111
00110100
1101001001
1111100010100
0100010
001100
001111001001
0101101011
010000
101101
10001
11010111101
110111111010
111000100101
01010
1111011000110
110111101011
110001
000100100100
101100
1010
111001110000
10000001111
111010101000
1010
011100001
0101100001
010010001
10001
011101110
101111
0101110011
01101
0100110001
101100
1010
0101101010
11011000111
0011111
10011000
01101
110111100000
11001
10010000001
1101000000
01101
0111110011
11011001001
1001111101
0111111000
10010011111
101100
1010
0111110000
110111100100
110001
10011000
10001
0111100111
0111110100
1010
0111101010
001001
110111101000
0100111010
10001
0101101110
11010110110
0111100110
1010
0111110000
00110100
01101
111000100000
1111100100001
10010001101
0011111
11001
100101100
1111111100100
1111110110010
111001111010
11011010110
000000010101
1110111110101
10111001
1010
01011111
100110101
0100010
1010
0100110101
11001
1010
0111110001
101101
10001
01101
111001001101
010000
11011001011
1001101111
000101011100
0001111
1111010100100
01010
1110111101010
1010
0100111010
0100010
1010
100110010
11001
1001101111
11010111110
1010
010010001
011000
10010001110
0011111
11011010010
1010
10010111
11001
1111010101011
011101011
1010
1111010110011
11001
1010
011101111
011000
111000001000
0001111
110001
1010
011001111
10111010
0010000
1111101000000
111000011101
01010
10111010
110110111100
1010
01111111111
1010
1101000110
11011001001
1001111101
11010110001
01101
000100011101
11001
1111111011010
11010101110
01010
110111110001
011101011
10001
1010
000010001111
01010
1110110110111
0111111000
10000111011
1101000111
110110110101
11010110101
1101000111
110110110101
10000110111
111001100110
000010001100
011000
00100011
10011110
11001
1010
111000110100
111000000110
11001
1010
00101001
11000000101
0001111
01101
10000101111
001001
01011111
01000110
1001101101
01010
110000000
011000
1111010110100
101100
1111001010000
1110110000011
011000
00100011
1111000111111
110001
10000001101
01010
011000
1111111110001
1111010111110
01010
110111110000
1010
000001100111
11001
1010
011100001
0101100001
010010001
000110101000
10111001
1001011011
110001
1001011011
0010101
10111010
10001
000000000101
101100
0010110
011101011
10001
0010111
1010
000001100000
11010110000
101111
10001
1010
000001011111
000101111110
1010
1111010011101
1111001100101
11001
1010
000000101011
000001101101
10010100
000100111110
1111001011000
1100000011
1010
00101001
10010100
000110000011
1110110000100
11001
000010110001
111000011110
1111001110100
000100011010
1111001111111
01100101
11001
001100
000101011001
10010001010
101110111
001110010
101111
10001
1101001110
110110111000
01010
1111100110011
001100
110111011100
1101001100
10010001010
1110111000110
1010
111001111111
111010100101
1010
000001101001
11001
001100
1111011111100
000000110001
1101001100
01110100
110000111
101101
10001
000000001111
000010101111
101100
100101100
1111100111101
101100
10000111001
0111101011
0111001000
1111001110101
10001
1111001000101
101111
00111101
011101101
10010000101
1010
10010111
11001
011101011
11011010110
01101
000000101000
1111111100010
11001
1111010101100
101101
10001
01101
1111110010011
1111101111001
10010111
001001
01101
111000010011
1111100001110
1110110101110
11001
0101111001
0100111010
01010
01101
0111110011
1111100011001
1110110111110
01101
1111000100110
10010111
01010
11011010111
10010001001
1111101101001
1111001110001
001001
01101
10000101101
11001
000011001100
000011110001
101100
1010
1101000111
000101100100
0101100010
111001001011
1010
0100110101
11001
0010110
01101
000000101001
11001
10010001100
10001
000000110110
101101
000010010100
1010
10010111
11001
01101
111010000010
01010
1010
010010101
11011010001
011000
01101
111010000011
000001110000
011101011
10001
1111001101001
001100
11011010010
000110101010
110111000001
111010101010
1010
1111010000111
11001
1010
00101001
10010101
110111000001
110000111
1111011000111
01010
000000111001
010000
01101
1111000010101
10010000111
001101111
00100011
110110110001
110001
10010000101
010010100
101101
01010
11011010111
010010010
000001000111
10000010100
110001
1111011100010
10011110
001001
10010101
1110110001110
11010101111
010000
001110010
011101111
111000110110
1111110011001
1101001111
000000010111
001110000
11000001
10010010010
101100
10111000
101101
101111
10001
1110101111111
01011111
01000110
101111
10001
1111001101100
1010
1111001110111
11001
1010
00101001
101111
10001
1111001101010
1010
1111101011000
1111000111101
11001
0101100111
001001
110111111110
101111
10001
1110110001001
0111101000
11001
10010001101
0111101000
11001
1010
000001011011
0111101000
11001
1110110101001
0111101000
11001
011100000
101111
10001
110111100011
1111101010110
010000
1010
000010011011
011000
00100011
110111001001
01010
10010100
01000111
101100
000001110111
000001001101
10010001101
0010110
10001
01101
0101101111
11001
000000101010
11001
1010
1111100101011
000100111010
11001
1010
000000011100
11001
1010
00101001
01010
01110100
10000001001
0111101111
0111111001
001110001
0111101111
0111111001
10000101001
1101001111
110000110
00101001
11010111001
00110110
000000000111
10010011000
101100
111001101100
1111110011011
01010
10010100
1010
0101111000
1111110010111
10011110
10010000111
11000001
101100
110000110
110111110110
0011111
110001
1010
000001111100
0010110
10000011110
000100010111
1111000100010
1111001010011
0111100110
001100
0100111101
0001111
1010
100110101
10111010
1111110111111
1010
110111111100
1111000101110
11001
1010
10000010101
01111111110
11011000111
0011110011
11011000111
11001
000100001110
1111111010000
001001
111000000011
1110110100110
10000010111
0111111000
000101001011
11000010
110001
1010
10010010000
11001
1010
011001111
01010
000110100110
110001
11000001
000010010001
10111000
11011000010
111000000000
111010000110
1010
1111010010111
111001110100
000101111111
11001
1010
000100001011
1110111011001
111000001100
1010
10000000000
110001
10000011110
110111001100
010010101
10000000010
1010
010010001
011000
000001100011
0011101
10010010100
1001110010
000110010011
1111011001001
11001
111001100111
0010000
1110111100100
01100101
10111001
10000100001
1010
011101111
101100
1010
0111110001
1010
000011001011
111010000011
10010111
0001111
1010
011001111
01010
1010
000101100001
11011000101
11001
1010
10000010101
01111111110
0111100110
101101
0010000
11011010001
0111101110
110001
11000001
1110111011100
110111001000
1010
11011001110
101110111
01110100
1010
011100000
11001
011101011
000001100101
11010101110
01010
1110110010100
1110110110001
101111
10001
10010101
10000111000
11001
0100111100
001110001
1111001000100
1101001111
110111111000
110111111110
101110111
1111010011110
0101101101
010010110
10000111001
10001
0100010
0101110111
001001
10011110
11001
111010011100
000001010111
101101
10001
1111100010010
0100010
0101100111
001001
1010
001110010
0010101
011100011
10001
000100101110
10001
010000
01111111010
011101011
10001
10000100100
01010
1111001110010
10111000
11010101101
01111111010
0100110110
1001011011
01010
01101
111010100001
0101110010
01101
1001011011
0001111
000001000110
0001111
1010
100110101
101100
1111111111111
101100
1110111010111
001100
000101100011
0010000
000010001000
000100000001
000010011110
10000100101
11000010
110001
1010
10000011011
1111100010000
0011101
1010
000000111111
111001111000
010000
00110101
0010000
101100
11011001111
11001
10010100
01000111
001100
1111101100111
011101101
100110011
110001
111000010100
111000110110
010010000
10111010
0010000
1111100000111
1111010011001
000110110100
110001
11000001
000011000110
10111000
0001110
01101
1001011011
011101101
0101100110
010010110
111010001111
01010
000010110010
1110110000001
111010100101
001100
110111101111
0010000
0010111
000110011101
10111000
1010
011100000
1101001101
101111
10001
1010
1111000110011
11001
01101
0101110101
000011010100
01111111110
10010101
111010100110
1111111111101
11001
1111001000011
1111001100011
110001
1010
000000100100
11001
1010
000100100011
1010
11010100111
010111101
10000110110
10001
111010010110
110001
11000001
10111010
0010000
01111111001
000110111101
000100101010
11001
01101
111010011011
001101110
01101
1111000110111
11001
10010100
1010
111000011110
11001
0010110
011101011
10001
1010
1110110101111
01010
0010110
1111000011101
1111000100001
111000011101
01010
10111010
101101
10001
01101
001101110
11011010110
01101
000101110011
011101111
000010000011
110001
101101
011101100
0100010
10010100
0111110010
0011111
1010
001101110
0010101
10011110
0111101100
11001
0101110000
111010011110
1001110000
010010100
111010101100
111001111001
1111111111010
1010
11010100111
111001001110
1010
001101110
10001
01101
000100111100
010000
110000110
111001010010
00101001
11010111001
00110110
1111111010001
011101100
10111010
10001
01101
1101010001
11001
1110110110011
101101
101100
010111101
11011001010
1111111011111
1010
010010001
111001110110
110001
01101
1111100000110
011101111
0010000
1111110010100
11000010
01010
01110011
101100
011110000
10010000001
01010
11011001101
0100010
1010
000101111000
11001
011110000
000110110001
101100
10010101
11010101100
110001
1111010010100
1010
1111110110101
110111001100
010010101
010000
11010101000
10111001
1010
011001111
1010
1101000110
11011001001
1001111101
011000
001111000
110111010000
111001011011
01010
10011101
1111111101001
10001
111001010001
01010
111010000100
101110110
010000
11001
01101
1111110001000
1111011100111
01110100
0101100100
11010110100
10010111
10001
1111011110110
101111
10001
0101101110
011100010
000100101100
101100
001100
0100110001
001100
000001010110
1111000010010
000101001101
01010
000001110011
0011111
010010011
101111
0010000
111010010001
11000010
110001
1010
1110110101000
11001
01101
000110110111
1010
110111101001
0111101010
0111100110
10011000
011000
110111000110
110111100011
01100101
10010010001
10010010001
10010010001
01010
1001110011
100110100
10000111111
11000010
01101
11010110100
0111101111
1111001111000
01010
111000001010
101101
0100010
1010
011001111
101101
000100110111
10000011110
0101100010
01010
1110111011110
1101001010
1010
010010101
110111011101
1111101100101
101100
01101
1111110101110
00110100
10011000
1111100000001
010000
101111
10001
11011001101
001001
1010
11011000010
01010
111000101111
001100
1111100110111
111010101110
1100000011
1010
000010110000
11001
001100
0100110001
1010
1111101000110
1101010000
100111111
1010
011100001
0101100001
010010001
10001
0010111
010000
10011110
10001
000000001101
110001
0111100100
01101
11011000011
0010101
0001111
1010
110111011110
010000
101101
10001
1001101110
110001
1110110110010
1111101111011
101100
11011010101
10010010100
1001110010
110000110
000001011101
10001
010010000
000110011111
01101
111000100000
1111010100010
11001
11010101110
01010
000110101101
01101
110111101100
110001
1111110000000
110001
000101111001
110001
000100000000
10000010111
101100
001001
01101
000011110111
100110011
110001
1111011110100
010010100
1010
111010110111
10000100000
11001
011101111
101110110
10010101
110111111001
110111100110
000110001011
10011110
01110100
1100000011
1001101111
001000100001
01100100
01101
1111100011111
111001111110
1111110101111
01010
11011010111
1010
111001100111
010000
10011110
10000011000
10001
10010101
1110101111101
000110010110
110111111011
0010110
00111101
11000001
000101010010
10111001
10011110
10000111000
110001
110110111110
101110110
1010
1111011101010
11001
01101
1110111001101
000101101101
0100010
10011110
00110100
0111001000
0100111100
10001
0010111
001111000
1100000011
011101011
0100010
10010100
0010101
0001111
1010
110111011110
1100000011
01011111
01000110
1010
00101001
01010
1010
011100000
1101001101
01010
0100010
0101110000
11010111011
001100
111000011010
0111110110
01100101
110001
1010
1111110101000
1111001101110
1111100111010
0001111
1010
011001111
000100001100
1111100100101
11001
0101110100
01010
000010111000
101100
01101
10010110100
11001
1111110011010
01010
11011010111
1010
011100010
0111110000
10000101010
101111
10001
0100010
10011110
001001
1010
011101111
100111111
0001110
01010
10010100
010000
10001
11011001000
11001
011101011
100110011
110001
0001110
110001
11000001
10010010110
0100010
10010010101
11010111011
001100
000011000100
1111110100101
11001
01011111
01000110
10000001000
01100100
1110110000110
01010
01011111
01000110
100110011
110001
000101111011
11000010
10010101
1111101110011
1111011011000
000001101010
111010010001
101110110
01101
000010100100
1100000011
1010
1111101000101
11001
1110110100101
01010
011101011
101100
11011001111
11001
001100
1111101110110
001100
111000011100
01010
1010
110111110110
010000
1111101010000
100111111
001100
011100010
111000000001
100110011
101110110
100101100
000011110010
1111010101110
1110111111101
10111000
1010
1111111010010
11011000101
11001
001100
010010101
11001
001000101111
1010
111010010101
11001
1111000011111
101101
10001
01110100
11011000100
0100010
11010111011
110001
111010011000
1001101111
0100111100
01000111
1101010001
101110111
010000
10111000
01101
000110110010
0111100100
1001110011
10111000
1010
0101101111
11001
000110101110
11010101100
001001
0010110
10011110
001111001000
1001101111
0100111101
1101000000
10111001
1010
000000111101
101100
01101
000000000000
10011000
000100111111
101100
000110000001
001100
0100111100
10111001
1010
10010111
0001111
1010
011001111
110001
1010
110111101001
0111101010
0111100110
0001110
111010101111
10000000001
1111100101101
111000001000
010010100
001100
0111101101
101111
00110110
1111011110010
10011101
110001
10000001101
001001
01101
111001110111
000110001001
101111
00110110
000101101111
10011101
111001001001
110001
01101
000100100000
01010
11011001100
10011101
0111101001
11001
1110110100010
101110110
000010110110
000011000010
101111
00110110
000001111000
10011101
01010
110111100111
10011101
000101101010
0100010
1010
00110100
11001
110111010110
1110111000101
1101001111
10000000010
11010111100
101111
111001101101
000110111111
101101
10001
010000
101111
10000100100
10011101
101111
10000100100
10011101
011100101
100110100
10001
11000000100
01010
111001011111
01010
000011010011
011100101
101111
111010110010
110001
11010110010
110001
110111000100
001001
10011101
01010
00110110
011101101
1101000010
110000111
011100101
001110011
10011101
000101001100
000101000110
111010110000
0010110
100110011
110001
1110110100111
01100110
110001
1111010101111
101101
001001
011110001
110110111111
10111010
10001
1001110000
1010
000000010010
10010000100
111001111011
1110110001100
000101010011
11001
1111000001111
1010
010010001
111001110110
110001
010111101
110111010110
1010
010010101
11001
011101011
011000
1110110111111
10010101
110110110010
000011011011
1110111001100
01010
0011101
10010101
10000101010
1010
10010111
10000001000
01100100
010000
11001
01101
111010000010
110000000
1010
000011011010
111000111110
01100100
1010
11010110000
11001
01101
10000010101
000100001010
0111111000
100110011
110001
11000001
1110110000111
111000100100
01010
111010011011
001100
000100111101
1111100101001
000010100011
01010
000011001000
110001
000100011011
01100101
11001
1010
10010010000
11001
1010
011001111
110000111
010000
100101100
11001
1010
011101111
101100
1010
0100111000
11011000111
110110110011
1111011110001
1110110111000
101100
011110000
111010000000
0010101
101100
1010
0101101010
00110100
1111010010000
01101
10000001110
000011101101
11001
000010001010
10111001
11010101101
1010
1111101001000
11010110000
111000111110
01100100
1010
10010111
11001
01011111
01000110
1110111001000
110111001010
0111101001
11001
11011000101
01010
1111111110000
1110111111000
01010
110000111
0101110101
010000
101101
11000000101
10000011001
11000010
1010
011001111
10000110111
11010110011
011100011
01011111
01000110
10001
111001111101
101101
10001
11010111010
01101
1111011011110
0111111001
11001
1111010110000
1010
0101101111
11001
0111111001
010000
01111111101
000110100100
101100
1010
1111001111101
11001
1110110111100
0010111
110111110011
1111101100011
0010101
000010011001
1111001000001
10111000
1010
1111011010001
11001
1101000001
111010010000
110000000
1010
10010111
11001
01011111
01000110
1111011010010
1101000000
0111100101
01010
10000101011
1010
0101110001
10010001000
11001
1010
00101001
11011010000
01100101
101100
1110111010011
110111010001
0101110111
1101000101
0101100111
0111101000
1101000101
111010001010
111000100110
1101000101
111010010100
0010101
1010
10010111
11001
01011111
01000110
100110011
110001
000000111000
0011101
10010000110
1001110010
0001111
1010
011001111
0011111
010010011
1010
1111101011001
010000
101101
011000
1101001000
0001111
1111011000011
1111011001111
10001
11011010001
111010101111
110001
111010110101
1101001010
11010110110
1010
1101000110
11011001001
1001111101
011000
111000001010
111000011111
1111100000000
011101110
1010
100110010
11001
1010
0100110001
101100
0100111000
11001
10011101
001001
01101
000110000101
1111111101100
010000
000100010011
101110110
1111111101111
000010111011
100110100
1111011001101
10011101
11010100100
111010100011
1010
011001111
110000000
100110100
1110111110001
10011101
10010111
101100
10011101
111000011000
101101
10001
1110110011011
010000
100110100
10001
000110100101
01101
000001011000
0100010
01000111
00110100
1010
110111111101
10000100000
11001
011101111
1110111101011
01100100
01101
10000001110
000011111100
000010011100
1111000001010
11001
11010100101
11010100101
011101110
01010
011101110
0111100101
011100010
111010001100
001001
01101
1101000111
000000110000
0111100111
1010
0100110111
1110110110101
01010
1010
000011000011
11010110100
1111111101101
10010001011
10010001001
10000001010
000010111001
101100
1010
10000000000
11001
0010110
10011110
100110011
110001
1111100110101
1010
000100100001
11001
111001001001
1111011011011
01010
1010
000101101011
11001
000101110111
0011101
1101001100
0011111
0111101110
0011111
10010010100
1001110010
00110101
10000101100
101101
11000010
101101
10001
01101
000010000101
010000
10001
10000111010
11010110011
101100
11010111011
11001
111001010101
110111111011
10000111110
101101
10001
01101
0101101111
11001
1111101010100
110001
1010
001000100110
01010
1111110111000
11001
01011111
01000110
0010101
1101001110
001110001
101101
10001
10010101
0111100100
11001
000011001010
01101
1111001100111
1111010010101
11001
1111001000010
10111000
1111111001010
11001
111001110100
111001001101
0111001000
1111010111010
100110011
110001
111000010100
0100110010
101100
1010
011100001
0101100001
010010001
101111
00111101
0010111
111000011011
000011011000
101100
1010
10000011011
1111001101000
0010101
01000111
000100111011
1111000001100
11001
11010100101
11010100101
010010000
10000011001
0001110
001001
1111101000111
11001
11010101001
101111
1111000001011
001001
1010
000010010110
101101
10001
1001101110
110001
1101000010
000000100000
110001
1111010000011
011110001
1111011011010
110001
1111001001010
011110001
10010111
110001
1101000010
011100011
1111011000010
1111010101000
10001
11010101011
10001
10010101
1111101101111
111001101011
0010101
10111010
10001
01101
000100010100
11001
01101
110111100000
11001
1001110010
10000010001
0010110
1010
111000000010
11001
001100
1101000011
001110000
1111000111100
001101111
110111001001
0001110
01010
101101
10001
111000000000
0100010
01000111
00110100
010000
1010
000011110000
1101010000
0100111011
011101100
10000101001
101101
011101010
10000100011
1111111100011
101111
1111000000110
0101100100
1111011001110
1101001001
011000
11011010000
11000010
101111
011000
10010010010
1101001010
001100
10010001100
01010
10001
101100
1010
0111100100
11001
111001110011
0111110100
0001111
001100
0101100010
001001
001100
1111000001101
111000010000
0010101
10111010
10001
01101
1111100000010
11001
01101
11011001010
010010110
011110000
1101000011
111001000000
01010
0011101
0011111
1101000111
0011111
101101
0101110011
110001
10000100011
10011000
1111110000011
101111
1111110000010
1101001001
10001
000101100101
1010
0101101010
1101010000
0011111
1001101101
10010101
000110011110
1111111010011
011000
0101100110
101101
10001
0011111
010010011
011110000
011100001
1111111011001
011000
000000011010
01010
1010
000101101000
0010000
1111011110101
10111001
10011110
01100100
1010
001110010
010010100
011110000
1101000011
1101000100
110110111011
001001
01100110
1101001001
100110011
110001
11000001
111001111101
110001
0001110
1101000100
0101100000
000001011001
011100011
01100110
01111111101
11010101111
1101000100
0101100000
10010100
100111111
011110001
1111001000111
011110001
0100111100
011110001
110111110001
0010101
0100110100
001000101100
1101000100
110110111011
0001111
011110001
111010000101
01010
110000000
1010
111000000111
11001
111000101011
10001
10000011111
01010
0101100100
10010111
10001
0011111
1111101101100
0011111
11010101101
1111010101001
010000
10001
10010100
01010
101111
10001
110110111010
000110010010
1001111100
101101
011000
0100111011
0101110000
1111101011111
011101101
011000
110000110
000011001111
10010100
010000
00110101
011101010
10001
110001
111000101110
110110111000
101100
0001110
1010
10000000100
101110111
10000100111
010000
11011000010
110111001000
1001101101
0010000
1010
1111010110010
11001
1010
00101001
1101001100
1010
111001111001
11001
0101110101
111010100110
110111011100
0010000
10010010110
0011110011
10010100
1101001100
1010
11010100111
111001101110
1111011001011
101101
10001
1001101110
101100
11011001111
11001
1010
110111111100
110111000000
01010
1111001000000
01010
1111011001010
110001
11000001
111010010111
010000
1010
11010100111
10001
0010111
0111110010
01101
1111111110010
100101100
110111101010
101111
110111000111
101100
101101
100101100
110111101010
0010111
10111010
10001
00101000
1111011000101
1001110000
1111011101101
1111100010111
010000
001110000
1111111001000
0100110000
101110111
0101100011
000100000101
11001
111001010100
1111001001011
1111011010011
000011000000
0001111
1111110001111
111010110001
10000111011
01110100
010010110
011100001
000100101111
111001000000
01101
0111110011
111001000110
11001
1010
10000100010
0010110
011000
10000110011
0011111
010010011
101101
001110000
11000001
01101
000011101110
11001
000010000000
101101
10001
10010100
111000010110
011100010
1111110100000
101111
011000
1111101010111
10000010110
101111
011000
10000011111
100110010
110001
001100
110111100100
11011010110
1111110101010
0100010
1101001001
0111100101
1010
10000101000
11001
1111011111001
11000010
011110000
111001000011
1111001000110
1111100110001
11010101010
001100
0111101101
101101
00110110
001101111
00100011
1111101100000
10000001011
01110100
011101100
101111
011000
1111110000101
11010110101
110001
11011001011
100111111
11010101011
101101
0011101
01101
11011001010
011100001
1001110010
00110101
011000
1111011001000
10010101
1111010111100
10000011101
01010
010000
10001
1010
0100110101
11001
1010
000100101011
0010101
01110100
010000
10001
01101
1111111001111
1111011000001
101100
1010
1111110100110
1111110100111
101100
0010110
10011110
011000
110001
10000110000
10011000
000010101010
1001101101
01010
1001110001
11000010
000100101101
101111
111000110111
01100101
01101
1110111000000
1010
10000011100
10001
000010100001
10111001
001100
000100100111
001100
1101000011
000010000100
0001111
1010
0101100101
101111
1111010000001
010000
0101111000
101111
1001110001
1111100111001
1111111101110
101111
011000
01111111001
00100011
010010111
0011111
010010011
10111000
1110110110000
1110110000010
01010
101101
10001
00101000
10000110010
1010
0101101010
1111001010101
1110110110100
111000011001
0011111
10000000010
001100
0101101000
011000
000011111001
000110110011
011101110
1010
111010001101
1101001011
000001100001
101100
10000101110
1111111110111
110111010001
01111110110
01110011
001001
01011111
01000110
01110011
001001
01011111
01000110
01110011
001001
01011111
01000110
01110011
001001
01011111
01000110
01110011
001001
01011111
01000110
011101110
01010
011101110
0111100101
1111011100011
10000100001
01101
0101100101
101111
00111101
0010111
111000011011
11010101111
01101
000110001110
11001
111001010110
101101
10001
1110101111110
0101101101
1010
010010111
11001
10010010101
10000111101
0111111001
10001
0010111
001110001
10000001011
1101001111
1010
1111101101010
0111100100
11001
111001010001
1010
0100110011
0010101
0011101
01101
00110100
101111
10001
000101011110
110001
000101011011
01100101
1010
000100011001
000000100111
01010
1110101111010
1010
1111010111000
1110110010001
101111
011101010
0010111
1101000010
110000111
0100111111
011100101
101111
0111101100
010000
101101
10001
000110100011
1001111100
101111
111010111010
01110011
001001
01011111
01000110
101110111
1001111100
101111
000010000110
10111001
010010111
101101
1101001000
00101000
110111101110
1001111100
101111
0111110110
0001111
001001
1010
0100110011
101110111
1001111100
101111
011101010
0010111
11010110010
0001111
001001
101101
1101001000
00101000
110111101110
1010
011100000
1101001101
00110110
0100111001
0001110
010010010
1010
0101101010
101111
011000
110111011000
00110110
1101001110
001101111
110111011000
01110100
011101100
101111
011000
011101101
11011001011
0101101000
110001
1101001011
1010
1111011000000
1111001010111
010000
10000001001
10010100
11011000010
101100
0111101011
111010100000
00110101
10000000110
101101
111010100000
10001
0010111
01101
1101010000
010000
00111101
11000001
1111000111010
0011101
110111111111
01100110
001110000
1111010001000
000101000001
0011101
01101
0101111000
01110100
0011101
0111111010
0010101
000100010001
101110111
1111110001101
00110101
0010000
1110111011111
110001
0100111001
01100110
101101
10001
010010000
0100010
11010111111
1010
110111000000
1111101110010
0100111011
0100010
11010111111
1010
000101000011
1111101110111
01100101
11001
000011111000
1010
000010101000
10000100010
000011010101
011110001
000011100111
1010
1111110011111
1111100010101
101100
011110001
1101000011
1010
000010100000
11001
1111100110000
10000010111
001110011
1010
110111000100
101100
1010
0101110101
1111110111001
11001
1111000000101
10111010
10001
00101000
000110000110
00101000
000010010010
11001
1010
1110110100001
011101111
0111110010
110111110000
010010000
10000010001
1010
11010111111
011110001
10000110110
10001
000010001110
10111001
1010
000010001001
0100110110
000010000001
11001
10000010110
01100110
011000
110111111111
1111010001010
10001
001000100101
01100101
011110001
000000011000
111000000001
10001
1111001101011
01010
110000000
111000001011
01100110
0010000
1110101111011
1110110010101
000110100111
10001
1010
11011010010
10010011110
0011101
01101
00110100
101111
10001
000011001001
10111000
01101
10000101101
11001
1111101010101
101111
10000000011
010010111
101100
01101
1111101010010
000110100000
000010111111
111010011101
11011001100
111000111101
1101000100
0100110100
10000000111
111010011101
11011001100
111000111101
101100
1010
100110010
11001
1010
11010111110
1101000100
0100110100
10000000111
01110011
001001
01011111
01000110
00110101
010010000
11011001100
01100110
101100
1010
100110010
11001
1010
11010111110
1101000100
0100110100
10000000111
01110011
001001
01011111
01000110
01111110110
101111
1001110001
100110010
101100
001100
0100110001
000011111011
1110110100100
11001
1001101101
01010
1111110000111
01110011
1010
0101101000
1010
0111110000
00110100
101111
10010001110
111010101110
10111010
10001
01101
111000110011
0100010
1010
110111110100
110110111010
101111
1001110001
0011111
1101001110
0011111
01101
1111111100111
101100
1010
1111100001101
10000100111
010000
000110111110
101101
10001
001110000
11010110010
1101000000
0011110011
01101
111010001000
1110110101101
0010101
00101000
1010
111000110011
10001
000010010000
1010
001000101101
1101010000
11001
10010100
00110110
11000001
110001
1111001100110
001100
111000011010
10001
000101101100
101110110
01101
1111010010110
0010101
001100
10010111
10111001
1101000111
111000010111
10001
111001100000
111000000011
101111
111000010010
11000010
01010
111001000101
1111100110110
111010100011
1010
110111110100
